
               ****  LATENT CLASS PROGRAM ****
     DATA: Capitulo6, Ejemplo alcoholismo                                          
     NUMBER OF CLASSES:   3        NUMBER OF ITEMS:   9
     NUMBER OF CASES=    1000
 BOUNDARY ESTIMATE: UNABLE TO COMPUTE STANDARDERRORS
    OBSERVED FREQUENCIES AND RESPONSE VECTORS
         1       126     100000000
         2       102     000000000
         3        47     100000001
         4        47     110000000
         5        43     100001000
         6        36     100010000
         7        28     100001001
         8        26     000000001
         9        24     010000000
        10        23     000001000
        11        22     110000001
        12        20     110001000
        13        19     000000010
        14        18     100000100
        15        14     100000010
        16        13     000000100
        17        11     010001000
        18        11     110010000
        19        10     100000011
        20        10     100001010
        21        10     100010001
        22        10     100100000
        23         9     110000010
        24         9     110011000
        25         8     101000000
        26         7     000010000
        27         7     110001001
        28         6     000001001
        29         6     000100000
        30         6     010000001
        31         6     100001100
        32         5     100000101
        33         5     100010100
        34         5     100011000
        35         5     100011001
        36         5     110010001
        37         5     111000000
        38         4     000100001
        39         4     001000000
        40         4     010000010
        41         4     100001011
        42         4     110000011
        43         4     110000100
        44         4     110000101
        45         4     110001010
        46         4     110001011
        47         4     110010010
        48         4     110011010
        49         3     000001100
        50         3     000011000
        51         3     000101000
        52         3     100010010
        53         3     100100010
        54         3     100101100
        55         3     100110001
        56         3     101010000
        57         3     110010100
        58         3     110010101
        59         3     110011001
        60         3     110101000
        61         3     110111000
        62         3     111001000
        63         2     000000011
        64         2     000000101
        65         2     000000110
        66         2     000011001
        67         2     001000001
        68         2     001010010
        69         2     010000101
        70         2     010001001
        71         2     010001101
        72         2     010011000
        73         2     011000000
        74         2     100000110
        75         2     100010011
        76         2     100011010
        77         2     100011100
        78         2     100011110
        79         2     100100001
        80         2     100101000
        81         2     100101001
        82         2     100111110
        83         2     101000001
        84         2     101000010
        85         2     101000100
        86         2     101001000
        87         2     101010111
        88         2     110001101
        89         2     110100100
        90         2     110111100
        91         2     111000001
        92         2     111010110
        93         2     111110100
        94         1     000001011
        95         1     000001101
        96         1     000001110
        97         1     000010001
        98         1     000010010
        99         1     000010100
       100         1     000011101
       101         1     000101001
       102         1     000101010
       103         1     000101011
       104         1     000110000
       105         1     001000100
       106         1     001001000
       107         1     001110111
       108         1     010000011
       109         1     010000100
       110         1     010010000
       111         1     011001101
       112         1     011010000
       113         1     011110010
       114         1     011110011
       115         1     100000111
       116         1     100001101
       117         1     100010110
       118         1     100011011
       119         1     100011111
       120         1     100100011
       121         1     100100101
       122         1     100100110
       123         1     100110000
       124         1     100110010
       125         1     100110100
       126         1     100111010
       127         1     100111100
       128         1     100111111
       129         1     101000101
       130         1     101000110
       131         1     101001001
       132         1     101001011
       133         1     101001100
       134         1     101001101
       135         1     101010010
       136         1     101010011
       137         1     101010100
       138         1     101010110
       139         1     101011110
       140         1     101011111
       141         1     101100010
       142         1     101100011
       143         1     101110000
       144         1     101110011
       145         1     101111110
       146         1     110000110
       147         1     110000111
       148         1     110001100
       149         1     110010011
       150         1     110010110
       151         1     110011011
       152         1     110011100
       153         1     110011101
       154         1     110011111
       155         1     110100000
       156         1     110100001
       157         1     110101001
       158         1     110101011
       159         1     110101100
       160         1     110101110
       161         1     110110010
       162         1     110110100
       163         1     110111001
       164         1     110111010
       165         1     110111101
       166         1     110111110
       167         1     111001010
       168         1     111001110
       169         1     111010000
       170         1     111010001
       171         1     111010010
       172         1     111010111
       173         1     111011000
       174         1     111011001
       175         1     111011011
       176         1     111011111
       177         1     111100000
       178         1     111101001
       179         1     111101011
       180         1     111110010
       181         1     111110111

     ESTIMATED PI-MATRIX:
    0.5996    1.0000    0.7405
    0.2158    0.5289    0.4460
    0.0457    0.1391    1.0000
    0.0483    0.2077    0.3557
    0.0976    0.4730    1.0000
    0.2302    0.4612    0.1927
    0.0945    0.2526    0.5757
    0.1085    0.2957    1.0000
    0.2523    0.3398    0.5243

     ESTIMATED ETA-VECTOR:
    0.7551    0.2271    0.0179


     **** WARNING: TINY CLASS(ES) - IDENTIFIABILITY PROB LEMS ARE LIKELY ****


     ESTIMATED LIKELIHOOD = -4231.93024 CONVERGENCE AT 0.000000  TOTAL OF ITERATIONS =    225

     ESTIMATED POSTERIOR H-MATRIX:
     1 0.949436 0.050564 0.000000
     2 1.000000 0.000000 0.000000
     3 0.924852 0.075148 0.000000
     4 0.821480 0.178520 0.000000
     5 0.867747 0.132253 0.000000
     6 0.693616 0.306384 0.000000
     7 0.811338 0.188662 0.000000
     8 1.000000 0.000000 0.000000
     9 1.000000 0.000000 0.000000
    10 1.000000 0.000000 0.000000
    11 0.751001 0.248999 0.000000
    12 0.616558 0.383442 0.000000
    13 1.000000 0.000000 0.000000
    14 0.852850 0.147150 0.000000
    15 0.844826 0.155174 0.000000
    16 1.000000 0.000000 0.000000
    17 1.000000 0.000000 0.000000
    18 0.356832 0.643168 0.000000
    19 0.781107 0.218893 0.000000
    20 0.655462 0.344538 0.000000
    21 0.597395 0.402605 0.000000
    22 0.784301 0.215699 0.000000
    23 0.571596 0.428404 0.000000
    24 0.162385 0.837615 0.000000
    25 0.847770 0.152230 0.000000
    26 1.000000 0.000000 0.000000
    27 0.513124 0.486876 0.000000
    28 1.000000 0.000000 0.000000
    29 1.000000 0.000000 0.000000
    30 1.000000 0.000000 0.000000
    31 0.669446 0.330554 0.000000
    32 0.791613 0.208387 0.000000
    33 0.411342 0.588658 0.000000
    34 0.441675 0.558325 0.000000
    35 0.341454 0.658546 0.000000
    36 0.266668 0.733332 0.000000
    37 0.577128 0.422872 0.000000
    38 1.000000 0.000000 0.000000
    39 1.000000 0.000000 0.000000
    40 1.000000 0.000000 0.000000
    41 0.554948 0.445052 0.000000
    42 0.466528 0.533472 0.000000
    43 0.586838 0.413162 0.000000
    44 0.482122 0.517878 0.000000
    45 0.317978 0.682022 0.000000
    46 0.234059 0.765941 0.000000
    47 0.138574 0.861426 0.000000
    48 0.053220 0.946780 0.000000
    49 1.000000 0.000000 0.000000
    50 1.000000 0.000000 0.000000
    51 1.000000 0.000000 0.000000
    52 0.396286 0.603714 0.000000
    53 0.513214 0.486786 0.000000
    54 0.281702 0.718298 0.000000
    55 0.223204 0.776796 0.000000
    56 0.401712 0.598288 0.000000
    57 0.146210 0.853790 0.000000
    58 0.100916 0.899084 0.000000
    59 0.112741 0.887259 0.000000
    60 0.237442 0.762558 0.000000
    61 0.036183 0.963817 0.000000
    62 0.322906 0.677094 0.000000
    63 1.000000 0.000000 0.000000
    64 1.000000 0.000000 0.000000
    65 1.000000 0.000000 0.000000
    66 1.000000 0.000000 0.000000
    67 1.000000 0.000000 0.000000
    68 0.174317 0.000000 0.825683
    69 1.000000 0.000000 0.000000
    70 1.000000 0.000000 0.000000
    71 1.000000 0.000000 0.000000
    72 1.000000 0.000000 0.000000
    73 1.000000 0.000000 0.000000
    74 0.626934 0.373066 0.000000
    75 0.300815 0.699185 0.000000
    76 0.186576 0.813424 0.000000
    77 0.196255 0.803745 0.000000
    78 0.066118 0.933882 0.000000
    79 0.704425 0.295575 0.000000
    80 0.559582 0.440418 0.000000
    81 0.454380 0.545620 0.000000
    82 0.013525 0.986475 0.000000
    83 0.784952 0.215048 0.000000
    84 0.617550 0.382446 0.000004
    85 0.632211 0.367789 0.000000
    86 0.660555 0.339445 0.000000
    87 0.002439 0.061931 0.935629
    88 0.245457 0.754543 0.000000
    89 0.215716 0.784284 0.000000
    90 0.011455 0.988545 0.000000
    91 0.472164 0.527836 0.000000
    92 0.002426 0.164703 0.832871
    93 0.009740 0.990260 0.000000
    94 1.000000 0.000000 0.000000
    95 1.000000 0.000000 0.000000
    96 1.000000 0.000000 0.000000
    97 1.000000 0.000000 0.000000
    98 1.000000 0.000000 0.000000
    99 1.000000 0.000000 0.000000
   100 1.000000 0.000000 0.000000
   101 1.000000 0.000000 0.000000
   102 1.000000 0.000000 0.000000
   103 1.000000 0.000000 0.000000
   104 1.000000 0.000000 0.000000
   105 1.000000 0.000000 0.000000
   106 1.000000 0.000000 0.000000
   107 0.000457 0.000000 0.999543
   108 1.000000 0.000000 0.000000
   109 1.000000 0.000000 0.000000
   110 1.000000 0.000000 0.000000
   111 1.000000 0.000000 0.000000
   112 1.000000 0.000000 0.000000
   113 0.006591 0.000000 0.993409
   114 0.002026 0.000000 0.997974
   115 0.524139 0.475861 0.000000
   116 0.570338 0.429662 0.000000
   117 0.168476 0.831524 0.000000
   118 0.130691 0.869309 0.000000
   119 0.044346 0.955654 0.000000
   120 0.408641 0.591359 0.000000
   121 0.423837 0.576163 0.000000
   122 0.245523 0.754477 0.000000
   123 0.304780 0.695220 0.000000
   124 0.112777 0.887223 0.000000
   125 0.119188 0.880812 0.000000
   126 0.042528 0.957472 0.000000
   127 0.045149 0.954851 0.000000
   128 0.008906 0.991094 0.000000
   129 0.529780 0.470220 0.000000
   130 0.332618 0.667355 0.000027
   131 0.560530 0.439470 0.000000
   132 0.269978 0.730018 0.000004
   133 0.375257 0.624743 0.000000
   134 0.282482 0.717518 0.000000
   135 0.065947 0.338739 0.595314
   136 0.026086 0.204432 0.769481
   137 0.171670 0.828329 0.000000
   138 0.007406 0.123245 0.869349
   139 0.007028 0.334715 0.658257
   140 0.002634 0.191360 0.806006
   141 0.238201 0.761782 0.000016
   142 0.170082 0.829880 0.000038
   143 0.115061 0.884939 0.000000
   144 0.002760 0.111690 0.885550
   145 0.000790 0.194301 0.804909
   146 0.291702 0.708298 0.000000
   147 0.212556 0.787444 0.000000
   148 0.331693 0.668307 0.000000
   149 0.095381 0.904619 0.000000
   150 0.047305 0.952695 0.000000
   151 0.035534 0.964466 0.000000
   152 0.056461 0.943539 0.000000
   153 0.037741 0.962259 0.000000
   154 0.011244 0.988756 0.000000
   155 0.471205 0.528795 0.000000
   156 0.368709 0.631291 0.000000
   157 0.169495 0.830505 0.000000
   158 0.055869 0.944131 0.000000
   159 0.087684 0.912316 0.000000
   160 0.027112 0.972888 0.000000
   161 0.030210 0.969790 0.000000
   162 0.032097 0.967903 0.000000
   163 0.024015 0.975985 0.000000
   164 0.010768 0.989232 0.000000
   165 0.007538 0.992462 0.000000
   166 0.003349 0.996651 0.000000
   167 0.121479 0.878519 0.000002
   168 0.040934 0.959058 0.000008
   169 0.141298 0.858702 0.000000
   170 0.097351 0.902649 0.000000
   171 0.020676 0.433351 0.545973
   172 0.000815 0.084459 0.914725
   173 0.054372 0.945628 0.000000
   174 0.036318 0.963682 0.000000
   175 0.006197 0.567141 0.426661
   176 0.000838 0.248578 0.750584
   177 0.209040 0.790960 0.000000
   178 0.057075 0.942925 0.000000
   179 0.017248 0.982743 0.000009
   180 0.002522 0.272991 0.724487
   181 0.000078 0.041989 0.957932


          SECOND ORDER OBSERVED AND EXPECTED MARGINS

     RESPONSE (0,0) TO ITEMS (I,J):
     I     J      OBS      EXP       OBS-EXP   (OBS-EXP)**2/EXP
     2     1      245   239.69         5.314             0.1178
     3     1      290   288.53         1.469             0.0075
     3     2      660   657.13         2.867             0.0125
     4     1      287   290.74        -3.741             0.0481
     4     2      650   654.65        -4.652             0.0331
     4     3      841   840.59         0.408             0.0002
     5     1      281   272.84         8.163             0.2442
     5     2      589   590.69        -1.686             0.0048
     5     3      751   753.20        -2.198             0.0064
     5     4      744   743.23         0.770             0.0008
     6     1      241   236.49         4.507             0.0859
     6     2      530   521.43         8.566             0.1407
     6     3      656   659.96        -3.962             0.0238
     6     4      665   659.37         5.627             0.0480
     6     5      586   588.95        -2.947             0.0147
     7     1      275   275.76        -0.760             0.0021
     7     2      616   620.33        -4.327             0.0302
     7     3      801   798.54         2.460             0.0076
     7     4      795   790.02         4.976             0.0313
     7     5      710   706.39         3.606             0.0184
     7     6      626   623.86         2.136             0.0073
     8     1      269   269.54        -0.537             0.0011
     8     2      600   603.18        -3.181             0.0168
     8     3      780   779.98         0.023             0.0000
     8     4      770   767.27         2.729             0.0097
     8     5      689   691.65        -2.652             0.0102
     8     6      606   604.29         1.714             0.0049
     8     7      728   729.01        -1.007             0.0014
     9     1      241   228.29        12.705             0.7071
     9     2      521   518.09         2.909             0.0163
     9     3      666   667.82        -1.822             0.0050
     9     4      661   661.56        -0.563             0.0005
     9     5      581   588.47        -7.468             0.0948
     9     6      534   522.24        11.759             0.2648
     9     7      625   626.89        -1.887             0.0057
     9     8      609   608.87         0.127             0.0000

     RESPONSE (0,1) TO ITEMS (I,J):
     I     J      OBS      EXP       OBS-EXP   (OBS-EXP)**2/EXP
     1     2       62    67.31        -5.314             0.4195
     1     3       17    18.47        -1.469             0.1168
     1     4       20    16.26         3.741             0.8609
     1     5       26    34.16        -8.163             1.9506
     1     6       66    70.51        -4.507             0.2881
     1     7       32    31.24         0.760             0.0185
     1     8       38    37.46         0.537             0.0077
     1     9       66    78.71       -12.705             2.0510
     2     1      464   469.31        -5.314             0.0602
     2     3       49    51.87        -2.867             0.1585
     2     4       59    54.35         4.652             0.3983
     2     5      120   118.31         1.686             0.0240
     2     6      179   187.57        -8.566             0.3912
     2     7       93    88.67         4.327             0.2111
     2     8      109   105.82         3.181             0.0956
     2     9      188   190.91        -2.909             0.0443
     3     1      626   627.47        -1.469             0.0034
     3     2      256   258.87        -2.867             0.0318
     3     4       75    75.41        -0.408             0.0022
     3     5      165   162.80         2.198             0.0297
     3     6      260   256.04         3.962             0.0613
     3     7      115   117.46        -2.460             0.0515
     3     8      136   136.02        -0.023             0.0000
     3     9      250   248.18         1.822             0.0134
     4     1      623   619.26         3.741             0.0226
     4     2      260   255.35         4.652             0.0848
     4     3       69    69.41        -0.408             0.0024
     4     5      166   166.77        -0.770             0.0036
     4     6      245   250.63        -5.627             0.1263
     4     7      115   119.98        -4.976             0.2064
     4     8      140   142.73        -2.729             0.0522
     4     9      249   248.44         0.563             0.0013
     5     1      520   528.16        -8.163             0.1262
     5     2      212   210.31         1.686             0.0135
     5     3       50    47.80         2.198             0.1010
     5     4       57    57.77        -0.770             0.0103
     5     6      215   212.05         2.947             0.0409
     5     7       91    94.61        -3.606             0.1374
     5     8      112   109.35         2.652             0.0643
     5     9      220   212.53         7.468             0.2624
     6     1      477   481.51        -4.507             0.0422
     6     2      188   196.57        -8.566             0.3733
     6     3       62    58.04         3.962             0.2704
     6     4       53    58.63        -5.627             0.5400
     6     5      132   129.05         2.947             0.0673
     6     7       92    94.14        -2.136             0.0485
     6     8      112   113.71        -1.714             0.0258
     6     9      184   195.76       -11.759             0.7063
     7     1      586   585.24         0.760             0.0010
     7     2      245   240.67         4.327             0.0778
     7     3       60    62.46        -2.460             0.0969
     7     4       66    70.98        -4.976             0.3488
     7     5      151   154.61        -3.606             0.0841
     7     6      235   237.14        -2.136             0.0192
     7     8      133   131.99         1.007             0.0077
     7     9      236   234.11         1.887             0.0152
     8     1      564   563.46         0.537             0.0005
     8     2      233   229.82         3.181             0.0440
     8     3       53    53.02        -0.023             0.0000
     8     4       63    65.73        -2.729             0.1133
     8     5      144   141.35         2.652             0.0497
     8     6      227   228.71        -1.714             0.0128
     8     7      105   103.99         1.007             0.0098
     8     9      224   224.13        -0.127             0.0001
     9     1      482   494.71       -12.705             0.3263
     9     2      202   204.91        -2.909             0.0413
     9     3       57    55.18         1.822             0.0601
     9     4       62    61.44         0.563             0.0052
     9     5      142   134.53         7.468             0.4145
     9     6      189   200.76       -11.759             0.6887
     9     7       98    96.11         1.887             0.0371
     9     8      114   114.13        -0.127             0.0001

     RESPONSE (1,0) TO ITEMS (I,J):
     I     J      OBS      EXP       OBS-EXP   (OBS-EXP)**2/EXP
     1     2      464   469.31        -5.314             0.0602
     1     3      626   627.47        -1.469             0.0034
     1     4      623   619.26         3.741             0.0226
     1     5      520   528.16        -8.163             0.1262
     1     6      477   481.51        -4.507             0.0422
     1     7      586   585.24         0.760             0.0010
     1     8      564   563.46         0.537             0.0005
     1     9      482   494.71       -12.705             0.3263
     2     1       62    67.31        -5.314             0.4195
     2     3      256   258.87        -2.867             0.0318
     2     4      260   255.35         4.652             0.0848
     2     5      212   210.31         1.686             0.0135
     2     6      188   196.57        -8.566             0.3733
     2     7      245   240.67         4.327             0.0778
     2     8      233   229.82         3.181             0.0440
     2     9      202   204.91        -2.909             0.0413
     3     1       17    18.47        -1.469             0.1168
     3     2       49    51.87        -2.867             0.1585
     3     4       69    69.41        -0.408             0.0024
     3     5       50    47.80         2.198             0.1010
     3     6       62    58.04         3.962             0.2704
     3     7       60    62.46        -2.460             0.0969
     3     8       53    53.02        -0.023             0.0000
     3     9       57    55.18         1.822             0.0601
     4     1       20    16.26         3.741             0.8609
     4     2       59    54.35         4.652             0.3983
     4     3       75    75.41        -0.408             0.0022
     4     5       57    57.77        -0.770             0.0103
     4     6       53    58.63        -5.627             0.5400
     4     7       66    70.98        -4.976             0.3488
     4     8       63    65.73        -2.729             0.1133
     4     9       62    61.44         0.563             0.0052
     5     1       26    34.16        -8.163             1.9506
     5     2      120   118.31         1.686             0.0240
     5     3      165   162.80         2.198             0.0297
     5     4      166   166.77        -0.770             0.0036
     5     6      132   129.05         2.947             0.0673
     5     7      151   154.61        -3.606             0.0841
     5     8      144   141.35         2.652             0.0497
     5     9      142   134.53         7.468             0.4145
     6     1       66    70.51        -4.507             0.2881
     6     2      179   187.57        -8.566             0.3912
     6     3      260   256.04         3.962             0.0613
     6     4      245   250.63        -5.627             0.1263
     6     5      215   212.05         2.947             0.0409
     6     7      235   237.14        -2.136             0.0192
     6     8      227   228.71        -1.714             0.0128
     6     9      189   200.76       -11.759             0.6887
     7     1       32    31.24         0.760             0.0185
     7     2       93    88.67         4.327             0.2111
     7     3      115   117.46        -2.460             0.0515
     7     4      115   119.98        -4.976             0.2064
     7     5       91    94.61        -3.606             0.1374
     7     6       92    94.14        -2.136             0.0485
     7     8      105   103.99         1.007             0.0098
     7     9       98    96.11         1.887             0.0371
     8     1       38    37.46         0.537             0.0077
     8     2      109   105.82         3.181             0.0956
     8     3      136   136.02        -0.023             0.0000
     8     4      140   142.73        -2.729             0.0522
     8     5      112   109.35         2.652             0.0643
     8     6      112   113.71        -1.714             0.0258
     8     7      133   131.99         1.007             0.0077
     8     9      114   114.13        -0.127             0.0001
     9     1       66    78.71       -12.705             2.0510
     9     2      188   190.91        -2.909             0.0443
     9     3      250   248.18         1.822             0.0134
     9     4      249   248.44         0.563             0.0013
     9     5      220   212.53         7.468             0.2624
     9     6      184   195.76       -11.759             0.7063
     9     7      236   234.11         1.887             0.0152
     9     8      224   224.13        -0.127             0.0001

     RESPONSE (1,1) TO ITEMS (I,J):
     I     J      OBS      EXP       OBS-EXP   (OBS-EXP)**2/EXP
     2     1      229   223.69         5.314             0.1262
     3     1       67    65.53         1.469             0.0329
     3     2       35    32.13         2.867             0.2558
     4     1       70    73.74        -3.741             0.1898
     4     2       31    35.65        -4.652             0.6071
     4     3       15    14.59         0.408             0.0114
     5     1      173   164.84         8.163             0.4043
     5     2       79    80.69        -1.686             0.0352
     5     3       34    36.20        -2.198             0.1334
     5     4       33    32.23         0.770             0.0184
     6     1      216   211.49         4.507             0.0960
     6     2      103    94.43         8.566             0.7769
     6     3       22    25.96        -3.962             0.6046
     6     4       37    31.37         5.627             1.0091
     6     5       67    69.95        -2.947             0.1241
     7     1      107   107.76        -0.760             0.0054
     7     2       46    50.33        -4.327             0.3720
     7     3       24    21.54         2.460             0.2810
     7     4       24    19.02         4.976             1.3015
     7     5       48    44.39         3.606             0.2928
     7     6       47    44.86         2.136             0.1017
     8     1      129   129.54        -0.537             0.0022
     8     2       58    61.18        -3.181             0.1654
     8     3       31    30.98         0.023             0.0000
     8     4       27    24.27         2.729             0.3069
     8     5       55    57.65        -2.652             0.1220
     8     6       55    53.29         1.714             0.0551
     8     7       34    35.01        -1.007             0.0290
     9     1      211   198.29        12.705             0.8140
     9     2       89    86.09         2.909             0.0983
     9     3       27    28.82        -1.822             0.1151
     9     4       28    28.56        -0.563             0.0111
     9     5       57    64.47        -7.468             0.8650
     9     6       93    81.24        11.759             1.7020
     9     7       41    42.89        -1.887             0.0831
     9     8       53    52.87         0.127             0.0003


          THIRD ORDER OBSERVED AND EXPECTED MARGINS

     RESPONSE (1,1,1) TO ITEMS (I,J,K)

     I     J     K     OBS-EXP   (OBS-EXP)**2/EXP
     1     2     3         1.921          0.136236
     1     2     4        -2.764          0.240500
     1     2     5         0.754          0.007872
     1     2     6         5.986          0.453429
     1     2     7        -2.970          0.205331
     1     2     8        -1.029          0.020335
     1     2     9         5.453          0.433764
     1     3     4        -0.272          0.006038
     1     3     5        -2.205          0.161026
     1     3     6        -1.884          0.162202
     1     3     7         3.439          0.673551
     1     3     8         1.166          0.054728
     1     3     9        -0.900          0.035351
     1     4     5        -0.152          0.000797
     1     4     6         3.308          0.395106
     1     4     7         6.307          2.382716
     1     4     8         0.966          0.044407
     1     4     9        -4.012          0.670474
     1     5     6        -3.256          0.170260
     1     5     7         6.067          0.945542
     1     5     8        -0.805          0.013007
     1     5     9        -3.587          0.235690
     1     6     7         0.228          0.001381
     1     6     8         6.165          0.847659
     1     6     9        11.788          2.198189
     1     7     8         0.766          0.020093
     1     7     9        -3.280          0.313816
     1     8     9         3.840          0.349828
     2     3     4         2.332          0.815980
     2     3     5         0.394          0.009355
     2     3     6         1.044          0.099390
     2     3     7        -0.517          0.028065
     2     3     8        -0.727          0.038476
     2     3     9         0.261          0.005813
     2     4     5         1.596          0.165386
     2     4     6         4.138          1.234910
     2     4     7         3.321          1.270728
     2     4     8        -1.069          0.103302
     2     4     9        -2.949          0.727979
     2     5     6         3.605          0.413843
     2     5     7         1.554          0.118180
     2     5     8        -1.503          0.085249
     2     5     9        -3.497          0.444711
     2     6     7        -1.422          0.109693
     2     6     8         1.011          0.046466
     2     6     9         3.911          0.525929
     2     7     8        -3.237          0.687547
     2     7     9         4.399          1.165715
     2     8     9        -0.713          0.024562
     3     4     5         0.371          0.014275
     3     4     6        -1.635          0.576973
     3     4     7        -0.478          0.041785
     3     4     8         1.515          0.270514
     3     4     9         1.013          0.171531
     3     5     6        -4.112          1.521516
     3     5     7         0.609          0.025802
     3     5     8        -0.672          0.019938
     3     5     9        -2.306          0.347438
     3     6     7         1.585          0.391603
     3     6     8         0.383          0.017007
     3     6     9         1.238          0.174945
     3     7     8         0.988          0.074978
     3     7     9         1.066          0.127172
     3     8     9         0.501          0.018578
     4     5     6         2.667          0.576868
     4     5     7         5.365          2.987243
     4     5     8         1.653          0.204710
     4     5     9        -1.814          0.278658
     4     6     7         7.006          7.018212
     4     6     8         3.430          1.372822
     4     6     9         0.848          0.070871
     4     7     8         1.439          0.273743
     4     7     9        -1.839          0.494410
     4     8     9         0.925          0.094293
     5     6     7         4.900          1.491201
     5     6     8         3.063          0.470734
     5     6     9         0.082          0.000292
     5     7     8         2.922          0.447444
     5     7     9        -0.376          0.008632
     5     8     9        -3.191          0.458784
     6     7     8         3.409          1.002613
     6     7     9         1.827          0.235516
     6     8     9         3.909          0.894224
     7     8     9        -1.118          0.095281

     LOG-LIKELIHOOD RATIO STATISTIC=  320.4242

     STANDARD CHI SQUARE TEST STATISTIC=   452.938
     DEGREES OF FREEDOM =     482.
     PEARSON CHI-SQUARE AFTER GROUPING =   162.197312
     LOG-LIKELIHOOD RATIO STATISTIC AFTER GROUPING =   214.973563
     DEGREES OF FREEDOM =         7


     SUMMARY RESULTS


     OBS.FREQ.     E(FREQ)  LAT. CLASS     RESPONSE VECTOR
         126      142.376            1     100000000
         102       90.285            1     000000000
          47       49.308            1     100000001
          47       45.278            1     110000000
          43       46.592            1     100001000
          36       21.087            1     100010000
          28       16.811            1     100001001
          26       30.458            1     000000001
          24       24.843            1     010000000
          23       27.004            1     000001000
          22       16.708            1     110000001
          20       18.043            1     110001000
          19       10.994            1     000000010
          18       16.538            1     100000100
          14       19.483            1     100000010
          13        9.420            1     000000100
          11        7.430            1     010001000
          11       11.278            2     110010000
          10        7.109            1     100000011
          10        7.511            1     100001010
          10        8.259            1     100010001
          10        8.749            1     100100000
           9        7.923            1     110000010
           9        7.413            2     110011000
           8        7.641            1     101000000
           7        9.769            1     000010000
           7        7.314            1     110001001
           6        9.110            1     000001001
           6        4.583            1     000100000
           6        8.381            1     010000001
           6        6.301            1     100001100
           5        6.011            1     100000101
           5        3.710            2     100010100
           5        9.904            2     100011000
           5        4.322            2     100011001
           5        5.091            2     110010001
           5        3.088            1     111000000
           4        1.546            1     000100001
           4        4.327            1     001000000
           4        3.025            1     010000010
           4        2.993            1     100001011
           4        3.275            2     110000011
           4        6.613            1     110000100
           4        2.716            2     110000101
           4        4.260            2     110001010
           4        1.952            2     110001011
           4        3.536            2     110010010
           4        2.754            2     110011010
           3        2.818            1     000001100
           3        2.922            1     000011000
           3        1.371            1     000101000
           3        4.494            2     100010010
           3        1.628            1     100100010
           3        0.760            2     100101100
           3        1.122            2     100110001
           3        1.745            2     101010000
           3        2.872            2     110010100
           3        1.404            2     110010101
           3        3.602            2     110011001
           3        2.378            2     110101000
           3        1.689            2     110111000
           3        1.651            2     111001000
           2        3.709            1     000000011
           2        3.178            1     000000101
           2        1.147            1     000000110
           2        0.986            1     000011001
           2        1.460            1     001000001
           2        0.327            3     001010010
           2        0.874            1     010000101
           2        2.507            1     010001001
           2        0.262            1     010001101
           2        0.804            1     010011000
           2        1.190            1     011000000
           2        2.739            1     100000110
           2        1.997            2     100010011
           2        2.855            2     100011010
           2        2.326            2     100011100
           2        0.841            2     100011110
           2        3.286            1     100100001
           2        3.668            1     100101000
           2        1.524            2     100101001
           2        0.209            2     100111110
           2        2.784            1     101000001
           2        1.277            1     101000010
           2        1.069            1     101000100
           2        2.933            1     101001000
           2        1.232            3     101010111
           2        1.595            2     110001101
           2        0.913            2     110100100
           2        0.557            2     110111100
           2        1.273            2     111000001
           2        1.010            3     111010110
           2        0.105            2     111110100
           1        1.109            1     000001011
           1        0.951            1     000001101
           1        0.343            1     000001110
           1        3.296            1     000010001
           1        1.190            1     000010010
           1        1.019            1     000010100
           1        0.103            1     000011101
           1        0.462            1     000101001
           1        0.167            1     000101010
           1        0.056            1     000101011
           1        0.496            1     000110000
           1        0.451            1     001000100
           1        1.294            1     001001000
           1        0.223            3     001110111
           1        1.020            1     010000011
           1        2.592            1     010000100
           1        2.688            1     010010000
           1        0.013            1     011001101
           1        0.129            1     011010000
           1        0.121            3     011110010
           1        0.133            3     011110011
           1        1.105            1     100000111
           1        2.495            1     100001101
           1        1.103            2     100010110
           1        1.375            2     100011011
           1        0.423            2     100011111
           1        0.690            2     100100011
           1        0.570            2     100100101
           1        0.355            2     100100110
           1        2.436            2     100110000
           1        0.802            2     100110010
           1        0.650            2     100110100
           1        0.636            2     100111010
           1        0.513            2     100111100
           1        0.107            2     100111111
           1        0.430            1     101000101
           1        0.247            2     101000110
           1        1.166            1     101001001
           1        0.295            2     101001011
           1        0.539            2     101001100
           1        0.241            2     101001101
           1        1.294            3     101010010
           1        1.104            3     101010011
           1        0.426            2     101010100
           1        1.202            3     101010110
           1        0.379            3     101011110
           1        0.341            3     101011111
           1        0.168            2     101100010
           1        0.079            2     101100011
           1        0.309            2     101110000
           1        0.530            3     101110011
           1        0.171            3     101111110
           1        1.620            2     110000110
           1        0.750            2     110000111
           1        3.499            2     110001100
           1        1.733            2     110010011
           1        1.081            2     110010110
           1        1.391            2     110011011
           1        2.224            2     110011100
           1        1.123            2     110011101
           1        0.459            2     110011111
           1        4.007            2     110100000
           1        1.728            2     110100001
           1        1.124            2     110101001
           1        0.415            2     110101011
           1        0.672            2     110101100
           1        0.265            2     110101110
           1        0.823            2     110110010
           1        0.664            2     110110100
           1        0.858            2     110111001
           1        0.691            2     110111010
           1        0.285            2     110111101
           1        0.232            2     110111110
           1        0.534            2     111001010
           1        0.165            2     111001110
           1        1.365            2     111010000
           1        0.668            2     111010001
           1        1.136            3     111010010
           1        1.014            3     111010111
           1        1.061            2     111011000
           1        0.536            2     111011001
           1        0.382            2     111011011
           1        0.295            3     111011111
           1        0.433            2     111100000
           1        0.160            2     111101001
           1        0.064            2     111101011
           1        0.473            3     111110010
           1        0.535            3     111110111

     No. OBSERVED RESPONSES=    1000 No. EXPECTED RESPONSES=    928.717
